SERIAL	PLAYLIST	SONG
1	1	836
2	1	727
3	1	527
4	1	356
5	1	978
6	1	182
7	1	966
8	1	288
9	1	945
10	1	55
11	1	70
12	1	237
13	1	710
14	1	677
15	1	939
16	1	751
17	1	242
18	1	934
19	1	297
20	1	217
21	1	127
22	1	768
23	1	827
24	1	270
25	1	770
26	1	497
27	1	538
28	1	359
29	2	844
30	2	861
31	2	977
32	2	888
33	2	176
34	2	765
35	2	482
36	2	691
37	2	786
38	2	872
39	2	188
40	2	770
41	2	344
42	2	739
43	2	418
44	2	956
45	2	701
46	2	730
47	2	707
48	2	922
49	2	313
50	2	807
51	2	311
52	2	887
53	2	140
54	2	480
55	2	802
56	2	481
57	2	17
58	2	574
59	2	137
60	2	486
61	2	146
62	2	213
63	2	221
64	3	889
65	3	732
66	3	663
67	3	185
68	3	43
69	3	872
70	3	340
71	3	232
72	3	900
73	3	661
74	3	523
75	3	356
76	3	394
77	3	856
78	3	37
79	3	295
80	3	861
81	3	928
82	3	784
83	3	649
84	3	733
85	3	412
86	3	139
87	3	296
88	3	695
89	3	393
90	3	417
91	3	75
92	3	787
93	3	204
94	3	533
95	3	846
96	3	933
97	3	8
98	3	148
99	3	693
100	3	707
101	4	227
102	4	449
103	4	944
104	4	507
105	4	66
106	4	539
107	4	617
108	4	641
109	4	611
110	4	350
111	4	726
112	4	575
113	4	314
114	4	391
115	4	380
116	4	109
117	4	388
118	4	538
119	4	948
120	4	977
121	4	358
122	4	229
123	4	864
124	4	108
125	4	528
126	4	431
127	4	847
128	4	508
129	4	793
130	4	132
131	4	351
132	4	344
133	4	36
134	4	698
135	4	531
136	4	425
137	4	210
138	4	113
139	4	506
140	4	915
141	4	244
142	4	553
143	5	759
144	5	912
145	5	440
146	5	220
147	5	723
148	5	876
149	5	515
150	5	279
151	5	788
152	5	537
153	5	403
154	5	664
155	5	47
156	5	956
157	5	900
158	5	462
159	5	470
160	5	750
161	5	778
162	5	820
163	5	988
164	5	618
165	5	437
166	5	691
167	5	324
168	5	665
169	5	363
170	5	341
171	5	762
172	5	325
173	5	501
174	5	246
175	5	150
176	5	899
177	5	290
178	6	214
179	6	593
180	6	510
181	6	523
182	6	68
183	6	4
184	6	308
185	6	401
186	6	573
187	6	180
188	6	222
189	6	874
190	6	836
191	6	99
192	6	67
193	6	770
194	6	33
195	6	938
196	6	737
197	6	982
198	6	60
199	6	753
200	6	592
201	6	223
202	6	286
203	6	421
204	6	91
205	6	516
206	6	491
207	6	695
208	6	53
209	6	863
210	6	452
211	6	252
212	6	372
213	6	554
214	6	765
215	6	122
216	6	382
217	6	670
218	6	764
219	7	331
220	7	473
221	7	594
222	7	946
223	7	971
224	7	710
225	7	481
226	7	63
227	7	807
228	7	190
229	7	745
230	7	631
231	7	470
232	7	156
233	7	566
234	7	731
235	7	448
236	7	450
237	7	935
238	7	482
239	7	66
240	7	774
241	7	104
242	7	20
243	7	861
244	7	511
245	8	279
246	8	749
247	8	978
248	8	318
249	8	496
250	8	988
251	8	738
252	8	927
253	8	137
254	8	126
255	8	115
256	8	409
257	8	292
258	8	868
259	8	357
260	8	511
261	8	37
262	8	669
263	8	187
264	8	533
265	8	27
266	8	397
267	8	433
268	8	966
269	8	202
270	8	841
271	8	551
272	8	120
273	8	525
274	8	445
275	8	14
276	8	361
277	8	191
278	8	524
279	8	837
280	8	149
281	8	346
282	8	763
283	9	998
284	9	41
285	9	544
286	9	530
287	9	606
288	9	779
289	9	537
290	9	172
291	9	339
292	9	442
293	9	769
294	9	226
295	9	932
296	9	301
297	9	346
298	9	572
299	9	870
300	9	144
301	9	806
302	9	552
303	9	568
304	9	3
305	9	163
306	9	116
307	9	681
308	9	963
309	9	626
310	9	956
311	9	570
312	9	224
313	9	994
314	9	914
315	9	424
316	9	155
317	9	675
318	9	930
319	9	982
320	9	240
321	10	921
322	10	557
323	10	923
324	10	199
325	10	22
326	10	278
327	10	115
328	10	757
329	10	117
330	10	259
331	10	600
332	10	870
333	10	979
334	10	498
335	10	830
336	10	85
337	10	701
338	10	771
339	10	975
340	10	244
341	10	712
342	10	84
343	10	599
344	10	882
345	10	537
346	10	558
347	10	859
348	10	662
349	10	902
350	10	187
351	10	407
352	11	155
353	11	712
354	11	973
355	11	186
356	11	188
357	11	92
358	11	861
359	11	670
360	11	412
361	11	184
362	11	969
363	11	161
364	11	215
365	11	7
366	11	122
367	11	481
368	11	925
369	11	828
370	11	281
371	12	719
372	12	585
373	12	561
374	12	565
375	12	607
376	12	233
377	12	954
378	12	788
379	12	341
380	12	300
381	12	439
382	12	635
383	12	990
384	12	568
385	12	50
386	12	166
387	12	185
388	12	613
389	12	697
390	12	232
391	12	465
392	12	765
393	12	522
394	12	94
395	13	329
396	13	749
397	13	61
398	13	4
399	13	415
400	13	859
401	13	267
402	13	317
403	13	294
404	13	125
405	13	908
406	13	188
407	13	722
408	13	70
409	13	715
410	13	328
411	13	334
412	13	297
413	13	777
414	13	745
415	13	171
416	13	733
417	13	560
418	13	626
419	13	388
420	13	615
421	13	763
422	13	340
423	13	971
424	13	166
425	13	490
426	13	460
427	13	699
428	13	173
429	13	226
430	13	873
431	13	269
432	13	566
433	13	847
434	13	21
435	13	546
436	14	154
437	14	115
438	14	741
439	14	438
440	14	936
441	14	855
442	14	336
443	14	473
444	14	990
445	14	536
446	14	38
447	14	244
448	14	977
449	14	985
450	14	596
451	14	765
452	14	331
453	14	80
454	14	675
455	14	417
456	14	885
457	14	358
458	14	598
459	14	681
460	14	822
461	14	34
462	14	3
463	14	319
464	15	267
465	15	119
466	15	170
467	15	172
468	15	266
469	15	660
470	15	932
471	15	239
472	15	698
473	15	762
474	15	845
475	15	893
476	15	582
477	15	721
478	15	472
479	15	775
480	15	144
481	15	732
482	15	810
483	15	97
484	15	802
485	15	988
486	15	301
487	15	652
488	15	913
489	15	554
490	15	840
491	15	203
492	15	403
493	15	85
494	15	809
495	15	506
496	15	806
497	16	650
498	16	546
499	16	409
500	16	71
501	16	198
502	16	212
503	16	791
504	16	892
505	16	679
506	16	403
507	16	833
508	16	582
509	16	636
510	16	673
511	16	256
512	16	333
513	16	721
514	16	720
515	16	726
516	16	743
517	16	857
518	16	483
519	16	463
520	16	938
521	16	101
522	16	912
523	16	499
524	16	164
525	16	289
526	16	261
527	16	834
528	16	23
529	16	422
530	16	508
531	17	59
532	17	238
533	17	152
534	17	427
535	17	439
536	17	724
537	17	106
538	17	14
539	17	214
540	17	184
541	17	93
542	17	364
543	17	485
544	17	755
545	17	294
546	17	577
547	17	600
548	17	480
549	17	164
550	17	81
551	17	126
552	17	692
553	17	308
554	17	604
555	17	25
556	17	18
557	17	115
558	17	663
559	17	232
560	17	472
561	17	231
562	17	282
563	17	383
564	17	2
565	17	307
566	17	402
567	17	345
568	17	35
569	17	363
570	17	949
571	17	330
572	18	142
573	18	339
574	18	84
575	18	690
576	18	146
577	18	728
578	18	851
579	18	177
580	18	964
581	18	856
582	18	381
583	18	938
584	18	906
585	18	971
586	18	400
587	18	105
588	18	247
589	18	939
590	18	885
591	18	504
592	18	806
593	18	159
594	18	500
595	18	687
596	18	705
597	18	329
598	18	161
599	18	895
600	18	309
601	18	970
602	18	677
603	18	101
604	18	327
605	18	528
606	18	764
607	18	800
608	18	459
609	18	864
610	19	397
611	19	649
612	19	412
613	19	769
614	19	837
615	19	199
616	19	276
617	19	400
618	19	648
619	19	203
620	19	935
621	19	823
622	19	607
623	19	398
624	19	192
625	19	599
626	19	797
627	19	136
628	19	733
629	19	737
630	19	990
631	19	485
632	19	28
633	19	678
634	19	118
635	19	25
636	19	279
637	19	492
638	19	174
639	19	684
640	20	140
641	20	587
642	20	54
643	20	282
644	20	249
645	20	215
646	20	77
647	20	743
648	20	184
649	20	9
650	20	857
651	20	892
652	20	585
653	20	80
654	20	805
655	20	457
656	20	837
657	20	419
658	20	333
659	20	681
660	20	994
661	20	750
662	20	971
663	21	371
664	21	519
665	21	865
666	21	85
667	21	37
668	21	557
669	21	792
670	21	111
671	21	751
672	21	981
673	21	43
674	21	476
675	21	592
676	21	459
677	21	861
678	21	396
679	21	873
680	21	15
681	21	604
682	21	700
683	21	579
684	21	520
685	21	5
686	21	649
687	21	807
688	21	936
689	21	72
690	21	699
691	21	421
692	21	618
693	21	114
694	21	706
695	22	516
696	22	919
697	22	269
698	22	272
699	22	468
700	22	977
701	22	162
702	22	564
703	22	927
704	22	914
705	22	99
706	22	8
707	22	367
708	22	389
709	22	384
710	22	774
711	22	355
712	22	562
713	22	291
714	22	841
715	22	80
716	22	487
717	22	591
718	22	480
719	22	1000
720	22	600
721	22	677
722	22	812
723	22	60
724	22	273
725	22	849
726	23	220
727	23	913
728	23	684
729	23	596
730	23	939
731	23	685
732	23	987
733	23	496
734	23	230
735	23	49
736	23	622
737	23	342
738	23	682
739	23	587
740	23	544
741	23	588
742	23	657
743	23	36
744	23	407
745	23	190
746	23	349
747	23	387
748	23	144
749	23	249
750	23	433
751	23	491
752	23	950
753	23	467
754	23	978
755	23	876
756	23	148
757	23	591
758	23	891
759	23	119
760	24	815
761	24	635
762	24	587
763	24	906
764	24	791
765	24	844
766	24	857
767	24	928
768	24	50
769	24	263
770	24	600
771	24	832
772	24	694
773	24	668
774	24	790
775	24	612
776	24	682
777	24	301
778	24	305
779	24	677
780	24	858
781	24	46
782	24	923
783	24	101
784	24	423
785	24	931
786	24	922
787	24	623
788	24	249
789	24	887
790	24	321
791	24	610
792	24	364
793	24	497
794	24	985
795	24	36
796	24	131
797	24	878
798	24	936
799	24	366
800	24	391
801	25	137
802	25	529
803	25	485
804	25	977
805	25	417
806	25	681
807	25	148
808	25	300
809	25	495
810	25	809
811	25	393
812	25	390
813	25	564
814	25	592
815	25	96
816	25	442
817	25	262
818	25	248
819	25	215
820	25	906
821	25	326
822	25	585
823	25	15
824	26	54
825	26	354
826	26	166
827	26	194
828	26	268
829	26	163
830	26	773
831	26	678
832	26	554
833	26	415
834	26	106
835	26	234
836	26	113
837	26	675
838	26	743
839	26	657
840	26	69
841	26	956
842	26	176
843	26	59
844	26	236
845	26	572
846	26	550
847	26	727
848	26	293
849	26	730
850	26	831
851	26	80
852	26	465
853	26	417
854	26	39
855	27	462
856	27	171
857	27	909
858	27	329
859	27	798
860	27	394
861	27	946
862	27	781
863	27	35
864	27	473
865	27	185
866	27	558
867	27	908
868	27	738
869	27	573
870	27	840
871	27	714
872	27	114
873	27	156
874	27	299
875	27	212
876	27	964
877	27	260
878	27	803
879	27	630
880	27	733
881	27	190
882	27	193
883	27	229
884	27	287
885	27	902
886	27	634
887	27	293
888	27	91
889	28	931
890	28	177
891	28	17
892	28	20
893	28	887
894	28	266
895	28	136
896	28	202
897	28	316
898	28	846
899	28	757
900	28	908
901	28	288
902	28	920
903	28	213
904	28	823
905	28	15
906	28	425
907	28	628
908	28	410
909	28	662
910	28	51
911	28	602
912	29	540
913	29	880
914	29	191
915	29	434
916	29	575
917	29	689
918	29	237
919	29	450
920	29	643
921	29	474
922	29	790
923	29	306
924	29	79
925	29	765
926	29	628
927	29	921
928	29	815
929	29	658
930	29	879
931	29	614
932	29	315
933	29	11
934	29	866
935	29	292
936	29	721
937	29	73
938	29	876
939	29	623
940	29	830
941	29	992
942	29	80
943	29	795
944	29	638
945	29	180
946	29	557
947	29	350
948	29	682
949	29	899
950	29	993
951	29	23
952	29	897
953	29	667
954	29	914
955	29	677
956	29	829
957	29	368
958	29	481
959	30	959
960	30	800
961	30	4
962	30	697
963	30	929
964	30	506
965	30	400
966	30	859
967	30	910
968	30	963
969	30	778
970	30	532
971	30	395
972	30	650
973	30	289
974	30	591
975	30	985
976	30	391
977	30	227
978	30	152
979	30	801
980	30	733
981	30	678
982	30	131
983	30	283
984	30	683
985	30	107
986	30	613
